2010 2020 2030 2040 2050 2060 2070 2080 2090 2100 2110 2120 2130 2140 2150 2160 2170 2180 2190 2200
-56.4918599952391 -87.4774936876153 -93.3257106735136 -95.0488935174461 -91.1074692820822 -35.7638161109931 29.8713488144767 92.4236302381345 180.286500717942 300.716164304067 547.29214521144 808.775313235396 1152.37887639921 1572.31406891938 2073.77639782071 2634.71267155243 3253.333086578 3864.77465831758 4435.72367195075 4983.32721859274
-31.6994716709894 -39.7213117128123 -30.2599524881281 -14.8137178436119 12.6781923894989 74.6242229717223 154.274976501111 251.127651270989 367.409790994244 501.742355656776 727.269268755948 1006.35214661318 1369.30705224855 1820.69263501665 2361.25932078039 2965.01315172317 3621.62626206205 4251.89428354424 4845.52201470374 5425.41619903495
-27.3216058928614 -32.4182001436215 -20.67452477911 -1.72010573765407 29.9241493920429 93.1796573648688 178.023617233317 281.450842641844 406.431973599666 549.47913092174 767.743890685802 1061.42403871181 1433.38212529765 1892.99685889433 2439.34181060307 3056.80498723729 3718.50094044362 4355.35232883536 4949.79561219439 5546.365880359
-24.4113956257669 -27.7845481549133 -14.8032149973412 6.36156383974533 43.4841223628208 109.421737492613 194.716371686264 302.672834104567 433.152690944581 582.024140998194 801.829203572288 1099.57478040738 1476.4900938055 1937.89727253247 2494.94216586503 3120.26549978895 3792.63133338881 4430.43095895973 5024.89573129549 5628.90106330448
-22.248677196484 -24.0808080099025 -9.96817516763517 12.7497180037296 51.0031945921658 119.997764163733 209.568659183463 318.673362013524 449.620792851101 609.479498313546 823.003455160303 1126.2122401223 1507.77084134321 1976.03911666929 2536.18724749142 3168.25863140891 3838.9686340483 4481.93565398865 5086.7630281644 5695.85328968541
-20.4553085190847 -21.2566816648008 -6.43611974103664 18.6382929788586 59.0036110499307 129.320071362459 220.053951745409 332.24850393648 469.929949114412 630.320052332498 841.42979491566 1151.11296827632 1539.45078255786 2009.30469163092 2575.76242729369 3221.79877438635 3894.1314145507 4539.22829435368 5143.16411629788 5755.7837268985
-18.7437472174679 -18.0776054439916 -2.77436937356551 23.0595454529947 65.8204100804616 138.487417548286 229.094342851485 345.870204110608 485.34970120721 649.247285571702 859.963511587445 1177.941222918 1574.2089314174 2051.65407438861 2623.32653731235 3268.65131544197 3948.06337998131 4586.14638949314 5196.67254499115 5813.47623138471
-17.3467489667032 -16.0753118386969 -0.405161163582203 27.0136600547411 71.8141885683296 145.446942909592 238.118974479812 355.444654988014 497.263030254453 663.350097081398 878.637208824433 1199.3542414627 1608.95750032676 2096.06954907186 2674.12943911119 3326.51498270254 3997.03227578457 4640.70108834974 5250.24815254867 5867.07917166408
-16.1022367006207 -14.0068459938901 2.18580713922899 30.215373078953 76.4651480612694 151.569184013135 245.720917985795 364.979083967594 510.034894626776 679.737026505879 892.628022161021 1222.37334780638 1637.80037618321 2132.80303173574 2724.71257012314 3381.48670699114 4053.61967565257 4687.73905641934 5300.73308345046 5930.20740268317
-15.0829778606327 -12.2390428062652 4.54372298747811 33.9971132115685 81.2881183273438 156.853582587322 253.946801432634 374.276936125888 522.208625661683 693.428127673197 906.642909754386 1241.79430122844 1665.14284816893 2170.374972741 2767.7821685263 3428.8119681905 4098.26560343318 4740.84844066423 5355.30313452683 5984.76092528325
-14.0791275299956 -10.8361533684429 6.70165943392968 36.8522053990247 85.8975766703068 161.898425696364 259.826614095779 384.189882337875 531.646216491072 706.602643980917 920.555293591816 1258.11165287587 1691.6835593504 2207.05283683991 2807.88074237801 3475.22546030073 4147.29394266617 4787.38569893875 5403.888110869 6034.49866329327
-13.1599575124355 -9.50224392893358 8.83314171597962 39.338671055958 90.2736476412986 167.442593245498 266.684611543988 393.14342277755 542.769192905489 718.948450773128 934.041370369567 1273.20138387742 1712.8684086408 2235.30876302519 2848.91910969882 3518.77222513484 4189.21067065613 4822.87885568435 5439.68040862339 6072.96853043941
-12.2808916090314 -8.11858246049003 10.6316249523804 42.1282817219617 94.2092915799279 171.779966745197 273.491431934157 399.237780838771 552.144086858449 731.878817679776 945.300731564732 1291.79630249665 1735.10997768042 2264.95344083072 2884.24005148039 3561.9236538477 4225.29549120509 4853.30683191125 5469.68549202344 6104.06059037321
-11.3846674230191 -6.81362025385234 12.2171153836389 44.7123981455977 97.4255797748371 176.828847901856 279.742849571301 405.87930331459 561.189401302733 743.696172390134 955.924766106319 1305.77724994069 1754.25415651516 2291.68551542578 2920.62856833848 3595.2921036807 4258.79272991059 4887.35472006793 5508.70814643975 6147.73083577924
-10.7065890736723 -5.48735285352457 13.6623752893288 46.7120243844439 100.781156793454 181.492770234227 284.904411638332 413.595946081564 569.819444410603 755.161584446034 968.172637688359 1321.10524047914 1774.3308715428 2322.88689073113 2955.39814266188 3632.39345170596 4285.81354933162 4917.82230491672 5541.69430985123 6186.42216703661
-10.089622479291 -4.15922976901652 15.1364393374421 48.4084048066357 103.433771848485 185.622060137282 290.511294118391 420.963435592105 577.314542126652 765.957350963972 979.010421858877 1335.21786543369 1797.3459384285 2345.54079779166 2984.98536195386 3661.94313595472 4320.14148662143 4950.24406756194 5577.58540879769 6223.24205428428
-9.42902566918187 -2.99441879130655 16.6006261954442 50.5974983113245 105.776339302962 189.652584665487 295.690648423734 427.573548005675 585.619629059257 775.044602473729 987.282013432632 1347.40523494149 1814.91408403034 2365.18476402154 3009.47457461973 3691.63829774186 4350.11107353519 4978.35086685185 5606.93004739122 6249.72554137425
-8.65297948791774 -1.65010267726291 18.1159294200564 52.9127176986264 109.283692000758 193.505317794364 300.598126280998 434.125688408222 594.826777641515 785.297352583814 996.609504966876 1359.87045785316 1829.95249429141 2388.60723949476 3034.08139141536 3717.54294321891 4376.56685329394 5004.92184256422 5633.11005785466 6281.96146040294
-7.91818708827887 -0.48804733403091 19.5447289309568 54.9758987827136 112.276075182032 197.534145333625 306.063736868712 440.620733543723 602.035174768943 795.897825819561 1007.17890226635 1372.00428208122 1847.55462050828 2408.79977373756 3055.13299331372 3746.4241897703 4403.03611047996 5036.34331887098 5666.94184765346 6317.11476999644
-7.17784087287224 0.398495178939936 20.7471753199276 56.7386586036926 115.522962725099 202.034894508746 310.51844075813 446.241786225628 609.845047780484 806.643538939668 1016.49200073699 1384.43219444304 1865.3886670294 2429.67401973336 3078.77131570732 3771.70011118873 4431.69374661067 5061.34626439098 5695.80805520849 6348.69140173394
-6.48554295748291 1.27361972816138 22.0392761162156 58.4212839646904 118.193104004354 205.765512370525 314.812608449843 453.275704987342 616.889397267631 817.092884309003 1024.92486215749 1395.84086499661 1879.2374701084 2444.72993729697 3098.26312108453 3795.73236180306 4455.32728493964 5086.92855445881 5724.96355240191 6374.66804142171
-5.88343129599227 2.23108849647747 23.384076568555 60.2677949225162 120.9130668358 209.379700880889 320.052530933358 458.748976654632 626.389885986773 825.92537418277 1033.42923382822 1406.93220501845 1891.83102419692 2461.70024809483 3118.48460301484 3818.54552286537 4481.54519582463 5110.94289061945 5747.3129813444 6404.04703428806
-5.24953262824235 3.32358336677063 24.3424703983688 61.7497841250813 123.461472080874 212.832515617679 325.046885845525 464.392960742683 633.362119587856 834.511213833012 1041.84663033766 1416.23213431053 1904.03958416775 2477.52600367768 3134.61363971083 3839.81188330744 4504.43548429734 5134.24067665391 5772.20112520732 6428.01200881272
-4.71640356151508 4.16843520806951 25.5416444670719 63.6478346730815 125.992599618167 216.344378245089 329.861145102982 469.77645942997 640.143017491999 846.398295410239 1051.25874147195 1426.97360442213 1916.08831468707 2492.73466311339 3153.3373440683 3858.64517752166 4527.24050592041 5158.59370964696 5796.07152941524 6455.1437377539
-4.21899561323359 5.13280205218195 26.7015607051108 65.0194893985247 128.166390326965 219.278907721055 333.814156060576 475.678662891603 647.430885595387 855.863960402701 1061.29245851719 1439.49088507058 1928.34121674921 2506.51871275822 3168.20011042281 3878.8450517796 4545.47882688186 5178.39034930789 5821.5682612664 6486.25200003555
-3.72095965359867 6.03803865719632 27.8011739741157 66.4773071297715 130.561345000027 222.665271008416 338.647600898173 481.774869382421 654.768174329578 865.25089366107 1070.4110232015 1451.12876511845 1940.0771051039 2520.43557987642 3184.05094212479 3896.01209491782 4568.24339569209 5206.29166608263 5848.82620338734 6512.02671968446
-3.25463593690156 6.91160671770506 28.934317168744 68.0106358518075 132.924486880878 226.570892865063 343.077223918376 488.549360971595 662.42565295651 874.691022548049 1079.47927590176 1464.05905486687 1956.5862209451 2535.74292888202 3200.80980024176 3913.00690798376 4588.94087758349 5229.11814669763 5871.4339460845 6537.18900435049
-2.81859388944683 7.65871797774171 30.017846557422 69.6676486914855 135.082976847371 229.891500363363 347.393813829458 494.957033319916 671.469234694161 884.311557737545 1088.97349670548 1474.41210373265 1968.45386286176 2550.13484900146 3216.84698988187 3932.61857657161 4609.79455501895 5249.98496058838 5896.31913192555 6563.49301389428
-2.34039468930165 8.65237072033926 31.1025236959382 71.2641773527517 137.598335006163 233.03466057105 351.892351438648 502.124396434666 679.953349732865 894.675654780425 1099.4482315887 1485.04324648024 1982.91030854396 2568.32139715545 3235.59616128112 3954.18253648763 4627.36631880398 5272.5607737849 5917.72929907616 6590.73651776981
-1.79598523106162 9.50869325892817 32.1553420606664 72.6837715130148 140.377326082759 236.407096555732 356.677329264941 508.561297567709 687.896078255135 905.008329282118 1108.16047709785 1496.1161773378 1994.81855674163 2582.18306048235 3252.59251296718 3974.02056061826 4651.08196925937 5294.56029255281 5943.02091170215 6616.27545690044
-1.30045826031047 10.4005419697366 32.9494775296694 74.1889309075883 142.847612687543 239.650752813844 362.034458172518 514.847556238466 695.393388131944 914.115538457453 1117.64286583966 1506.88212934258 2009.95702351805 2597.52538570557 3270.90727757389 3995.23387394867 4674.81500342382 5319.90229425998 5972.14815868832 6647.03110590581
-0.73523795126909 11.184575855462 34.0008395898453 75.5956227553884 145.04239470774 243.334435912435 367.525701051425 521.070087537385 703.195799468845 924.939248599046 1128.58438855841 1518.82266736792 2021.36965084841 2615.69352019567 3288.59623215262 4016.80239482786 4697.71716770394 5344.50121696964 5998.82726802642 6678.13885892675
-0.235888154636743 12.0131271786979 35.2356398877785 77.1635598943647 147.440648283554 246.281510883588 372.985217026174 527.532890958764 712.83775912641 935.716477207553 1138.47113469675 1531.6426773952 2036.49828970334 2629.52975349511 3308.64588724658 4038.6171367103 4719.94219903628 5370.63719910282 6029.27640814163 6715.52636694496
0.231974923006713 12.7225659599156 36.2307734808536 78.8977006791094 149.775557111317 249.487176681749 377.809578478179 533.914751024188 721.173357058838 946.90802592008 1149.63169657818 1545.00102560408 2052.86854092341 2647.58539484865 3327.28889010585 4058.88944031202 4743.34045755779 5399.61218442128 6056.17539937158 6743.14823451921
0.71980746448474 13.5581503554943 37.4695565275429 80.7654351006798 152.059312927681 253.048773868663 382.637083943486 541.339524727864 729.227881186351 956.872734801808 1160.31613949863 1559.64787905345 2068.00823840667 2661.88589930526 3346.89395699061 4081.59838876074 4767.733676525 5423.21299580214 6084.40527458462 6773.16810299987
1.22994655009447 14.3141339015091 38.5847343195338 82.6643485484543 154.198133828235 255.956999837554 387.661695549093 548.673685304784 737.733742840841 968.432119788609 1172.39457269959 1571.93336708846 2083.51086470804 2681.95018528489 3365.50653566788 4101.63558698904 4796.12613824937 5452.99282894863 6116.90303090348 6809.76619361491
1.70521171038322 15.0286302364081 39.435427675188 84.1896203400617 155.995102940366 259.603872113256 392.291359534104 557.165089333124 750.055647063882 981.595202927525 1182.43519096314 1586.52401488536 2099.07272904739 2702.30191196393 3390.89096548834 4128.00836092262 4821.0115781536 5479.47718504798 6145.46358960068 6838.97862366213
2.15460130371236 15.7371184368067 40.5565626444889 85.5929454654416 158.295434613659 262.571490294221 397.298110429629 563.993215647161 759.287336939039 993.261441494842 1196.5740003706 1599.20208503061 2118.08721292423 2721.97220000602 3414.04714641747 4159.5426394454 4850.83452142166 5508.80400468807 6181.49760641399 6879.20164555887
2.59859734743793 16.5653171268118 41.5286699992096 86.9048645058793 160.575734791459 266.336802394414 401.866980771079 570.771780579076 769.614668201918 1006.29463814712 1210.95851090199 1619.42147866472 2135.92204623284 2744.23159160419 3438.386889579 4186.65774031924 4882.15930605193 5551.50506516015 6222.91534585806 6922.71832995399
3.12389337521673 17.2112537610245 42.5675241716694 88.3009259132977 162.584410902466 269.504637647563 408.841070191106 581.102094129327 781.919937219064 1020.32959235343 1225.88185979178 1635.44915096274 2158.20477532241 2767.60456172641 3462.4615399507 4218.02747266286 4923.5368943089 5598.24184474143 6273.68238725878 6981.24677526903
3.55609540958293 17.9537656367474 43.4059118307454 89.3691860868634 164.546094781998 273.15774063473 414.131085734113 590.095700194297 793.386448620796 1035.10105604118 1241.49206642373 1655.8686691662 2183.00380322566 2798.36853460359 3498.85975099888 4257.75663473546 4960.49667278544 5639.71547082017 6325.09129177525 7038.1336924555
3.93745701828223 18.7454876976338 44.4053892436134 90.7824470027891 166.676301032348 276.717750146837 419.666669400272 598.429242717274 805.578697697042 1053.59558758014 1259.29906510358 1678.66542471127 2210.60380761011 2829.47309544422 3538.78477868203 4300.56270777012 5005.80593018161 5689.53169064808 6377.28241889744 7092.93393559814
4.35271671428057 19.5031568682875 45.290636717086 92.0529123932604 168.869221396166 279.821126922361 426.03283519592 607.024860908321 819.889600492077 1068.77668535701 1282.82690289432 1704.71480737923 2240.61075042353 2864.14870258688 3571.17935154375 4340.22875232215 5055.33202290307 5740.06721295555 6433.64822516421 7157.69966033893
4.77777289473061 20.256350124965 46.1990031989937 93.5475902331536 171.030213811326 282.486844080585 432.152085599151 615.913040621057 833.992613273763 1091.63590944448 1303.70832828856 1733.07633631634 2273.10235701454 2902.89610440127 3618.67931142197 4391.92025545709 5120.52379063386 5814.64061940443 6513.66307136189 7240.56178574107
5.15823694390473 20.9186204396072 47.2298213433801 94.7594110952775 173.407184222454 286.008827734832 438.986066230406 627.90899570832 851.189168964997 1118.11631266511 1333.07827260519 1762.87866007333 2311.64761590573 2952.05259344689 3678.34161393956 4463.84263343226 5199.60282488824 5905.84459421243 6615.37243291152 7357.47717281835
5.59146022429014 21.7466440889302 48.0823296724904 95.8237793375046 175.111295431507 289.474019075896 444.596735117504 638.957750152838 870.908707890194 1141.50775672673 1375.170290786 1816.45341460008 2366.18868412505 3013.88242496509 3750.9189459568 4552.69654983692 5300.30006145358 6013.97430032351 6725.56673095428 7455.48860018406
6.05930024277666 22.2907274900403 48.8662794127477 97.0667212561654 177.074194476702 293.083337369646 449.821987072761 651.815890818083 889.698719322004 1169.44623656498 1431.40665723412 1888.04075507586 2468.33568010999 3128.74175005869 3885.53558215848 4678.21781161335 5421.25853777241 6140.98499044049 6839.67034528244 7542.62194524062
6.50162730434356 23.0644319396806 49.9049507399688 98.2506565189598 179.107908027735 296.748452203085 455.684225430344 664.390276442804 912.36729823627 1198.48973137857 1515.45521013003 2004.14136652477 2619.32484963297 3321.48256296845 4085.09071470329 4842.87010995879 5537.89607945674 6229.98188581243 6922.74375791853 7628.60027441049
6.92490858583377 23.767508656232 51.0428781649909 99.8059460417099 181.156554247498 300.377336491956 461.355838124136 676.752333428512 937.495685682425 1232.82070750696 1575.51472544797 2080.9224452405 2717.20636475178 3455.81937588284 4215.66573281466 4937.93901793474 5644.3971100202 6335.12779237402 7013.62857868102 7691.0687705782
7.34119378827187 24.4822719064425 51.950169608478 100.942693567434 183.503792606343 303.839866124629 468.505665674962 688.875037486588 956.116753934138 1263.22952118021 1619.167133816 2137.69689334513 2783.92699044493 3533.32170851401 4285.75935559386 5001.56026053628 5705.39672276688 6398.25358662084 7065.7110115934 7742.80678745139
7.77912128668795 25.2073086654504 52.8352888914912 102.182995506037 185.409677107679 308.462685310009 475.734509855919 700.558580857543 974.00564253001 1286.99973972311 1650.71056804786 2175.60489693404 2830.68469947599 3583.31404676002 4342.56748529604 5053.7597151672 5758.52501085145 6445.92021518436 7117.52440842246 7791.15367097508
8.25973233361306 25.8414996043837 53.7305777999343 103.607985671302 187.600752662122 312.57190254795 483.10554876025 711.891898931833 990.771073980145 1310.35084365626 1679.23179717122 2205.90177222554 2864.0051259273 3622.5162861399 4385.23794210261 5093.62341459861 5795.73029631472 6486.85130219746 7158.19463469447 7837.53077283783
8.7249435295513 26.6200871026297 54.7091032093295 104.745298038263 189.650647315177 316.544461480879 490.298813115048 724.926878233011 1007.69532466127 1331.84364737622 1703.07708571975 2232.25818683196 2894.53821488285 3651.77656019993 4414.25204755831 5125.76696044178 5830.18357583669 6525.15783879332 7197.33036481375 7879.96036128532
9.13736680753224 27.3099084407496 55.6899409481418 106.152214631458 191.760838246886 319.829961659757 496.946702358042 736.20086259584 1023.49970253918 1351.78985020001 1719.99367172591 2251.97208792731 2918.92834010586 3674.26474033991 4439.2100104004 5154.56201246295 5861.6646572006 6565.11873875908 7235.53059049083 7915.46624028528
9.65077192786833 28.0684371235502 56.5575335068595 107.622950572722 193.945541077401 323.99444780167 504.719554349953 747.403528670555 1041.02985378405 1373.86504574088 1736.92599059808 2273.7586311231 2941.24519571472 3696.84576111199 4467.15132249038 5185.63848804217 5889.88889705567 6589.71249295532 7268.63168935288 7953.09346457376
10.1537102182955 28.7756671771253 57.34553994967 108.995181525416 196.255255710973 328.008274126401 511.699539389398 758.797197738441 1053.12866580494 1391.72668493105 1755.7556752517 2292.56056916267 2961.02767145612 3722.38430281507 4489.94232455792 5206.69931955107 5917.19766372017 6620.88838202444 7302.35397644286 7991.91065076135
10.6008783055584 29.645965368443 58.3435796734581 110.3923669681 198.620763526535 331.838744873705 519.729666820891 768.881493153179 1070.62503881655 1408.74648530472 1770.58362417387 2310.97711363158 2983.22266485762 3741.30622247717 4512.37687899085 5234.33491464459 5944.47786746791 6656.24644621425 7337.3965850298 8029.49795762647
11.0611858192259 30.423621555641 59.2964498973203 111.661793313452 200.839107764353 336.433535513048 526.761852994771 780.229954424347 1084.88038200351 1426.9528423547 1786.2541181808 2328.65196503028 3003.4686099571 3764.08824327264 4537.3559795965 5268.03412005631 5980.03597440109 6689.86947460679 7374.55611812155 8073.08085903174
11.5198751753174 31.1410938825114 60.2781189088065 113.139809244476 202.881060018141 339.838957570926 534.725696603729 791.47862455642 1097.09478693757 1445.96276865501 1800.35446543306 2345.28312986308 3024.98839162625 3788.97379887132 4566.05217480713 5294.91290108538 6009.31568709363 6721.78473150883 7410.64095882898 8108.570496972
11.9414344456064 31.8007800451356 61.2190464560159 114.388201463435 204.844046003136 344.354553113144 543.550210942806 803.690488423659 1112.67654602288 1463.28079284809 1819.84746450457 2368.04101264961 3048.26595718327 3810.98728532102 4591.44083873639 5325.06052922827 6038.2473894814 6750.23935634188 7439.91356096801 8149.75757298904
12.3586710666042 32.5953411096455 62.1330937352083 115.663733775362 207.019780864493 348.57262059269 550.908198337485 815.537239216819 1126.58735345472 1478.9402615399 1838.35655257798 2388.40144455261 3070.32467903598 3835.24945419138 4615.87005871342 5349.65900503105 6071.00350285844 6786.50249215332 7480.47543412998 8191.74065107583
12.8240121980237 33.3884021888123 63.0265388012769 117.174036736185 209.400349376088 352.730291263318 558.915350792577 826.306933360412 1142.89783458076 1497.98145794987 1852.12247495464 2406.17154165957 3091.03989270209 3860.68200786989 4643.75123583249 5380.36568969334 6104.72000795959 6826.73864790271 7520.79801782022 8236.18270077772
13.2381625023201 34.1669368967372 63.8391048652773 118.445592772342 211.44868288905 356.815309894913 566.37489892484 837.641670518609 1156.41542079167 1517.22572839493 1870.74670390257 2425.86307876528 3113.73764257825 3884.59374659436 4672.17272337531 5414.78104283285 6146.01672862618 6867.69094103864 7565.78905543678 8286.15193603344
13.7189064260083 34.8924971269777 64.9545497144846 119.813032958418 213.891460272291 360.871209290985 574.013069524768 849.078663310249 1171.69578039968 1535.48026540942 1889.3666269884 2446.04946842951 3141.15477334344 3912.43524101008 4706.66008860478 5456.9960159949 6185.54889672703 6913.43868227945 7613.01443074125 8333.49707993203
14.1592852332361 35.617335097216 66.0461605275064 120.935712564917 216.863203706832 366.476966511137 582.700643344743 862.619769737279 1187.48531696406 1553.83853962918 1909.6161902404 2476.16024506754 3169.67639958833 3949.34033238574 4740.30861923003 5495.26038342649 6228.07385731385 6963.92851498713 7661.87939763562 8396.07277629276
14.5828992179737 36.5274354423233 67.0465312238736 122.584904855454 219.565888804917 371.322972052494 590.991329392343 874.892409899229 1204.58028957698 1575.80911605709 1933.73574912862 2500.64990217653 3201.80742482481 3979.86107766462 4782.77902390264 5538.04583471834 6277.48467016644 7019.30009132595 7725.32708152688 8455.99365976903
15.0564162592451 37.3191873270849 68.1179629877926 124.122558865945 222.177897467749 375.167949054671 599.4882963248 887.463497704108 1220.57591106214 1596.31250973507 1957.43925597199 2527.42265469721 3230.19541402379 4014.98516138787 4818.6770841822 5580.98046549003 6330.23784476677 7077.35439078469 7795.45987144502 8533.40032344486
15.5771969811458 38.2236700306439 69.0081855611189 125.499885121802 224.37601475144 380.516526099354 608.493560871176 902.764485200211 1243.9417958251 1623.69547898885 1980.8507994491 2555.16893143669 3263.4476127906 4055.73376223546 4868.61852244773 5640.45173045669 6401.86869019105 7154.18944486684 7881.48450415636 8634.72954853403
16.1213080498035 39.053976995147 70.2415541033435 127.009044235403 226.840683218734 386.39376517693 616.93567304189 916.394098445157 1266.23735641269 1653.28602879192 2013.96499713946 2596.17888579174 3310.9040665581 4100.87939873146 4919.45161241199 5696.52925855614 6460.48738560835 7224.38531126036 7960.47387045592 8728.58107999682
16.6844669354154 39.9904952188372 71.2085786357245 128.466112504234 229.605858626796 391.384422071299 626.508070347276 932.809059533492 1291.13410142491 1688.0563470106 2052.0161924549 2639.36432859115 3361.73781715991 4164.98747542272 4994.08922688724 5780.07340538754 6557.94657283124 7335.13845809283 8087.09558599551 8858.43671137961
17.2203484446508 40.749475578293 72.2238245934928 129.966475584542 232.281699896418 397.09658619982 636.908651916806 950.374292021249 1314.8122990909 1721.9071604482 2119.12300316539 2721.38050355147 3458.00491687531 4280.82628136004 5123.72744177861 5927.10690486864 6722.0050476752 7517.71799459588 8281.92122084361 9067.5132016375
17.6720537121549 41.8321369970451 73.3234687742881 131.561878519661 235.074061029681 402.588711754416 646.862121656153 966.842857835123 1344.81264176411 1763.60815138493 2199.6639870882 2844.55225208078 3603.17801288912 4448.48538451151 5322.72292493616 6125.91471499345 6915.4242620185 7689.93681057756 8469.29897559456 9231.76151815458
18.2195664626779 42.7358524421187 74.403199402599 133.127414426769 237.942307653971 407.709702537867 656.617532237875 986.250227883665 1373.78849793325 1801.99997245598 2273.92621381565 2966.33163834916 3757.62097870059 4595.89738474787 5469.48376720494 6258.37089351129 7023.73482148707 7791.566573097 8573.45122904017 9340.62986216827
18.7401648995541 43.4447999863407 75.4466339067928 134.558767540252 240.734006236952 413.443125231991 669.08739178249 1005.50318916183 1399.97602510012 1837.20450486154 2337.19750792044 3048.0788280816 3846.77399929371 4674.69887576511 5548.21901710617 6328.84286775743 7106.36422231063 7868.87946502775 8651.70213184261 9408.96702459047
19.3238900459149 44.2487508589918 76.571265053513 136.319882571752 243.759260618809 419.417576877085 679.103114427898 1021.82224298611 1426.11729072369 1870.64300988513 2386.72707751489 3102.97663267871 3903.85651595007 4733.65779768779 5607.91615287272 6390.68596479852 7156.4303479505 7926.58272513423 8710.63995445256 9465.4319077182
19.8617813545569 45.233394857952 77.7510310004887 138.139719018039 246.941541765421 424.820291968163 687.573068036413 1037.83980875388 1451.04348045011 1898.2158878358 2422.05650064135 3147.30956139561 3949.56614177512 4779.71968855963 5644.11827828703 6429.82681593475 7201.5558336624 7974.27299059918 8758.97051760023 9515.74610035366
20.5336640941526 46.3596293742971 78.8075454036772 139.659151240093 250.291431756401 432.009810398342 699.492369884026 1052.79817742056 1471.92351680546 1929.12998838638 2452.61526225265 3181.75407817078 3981.23393696575 4814.87621083184 5685.38570192941 6467.65523321883 7237.05893046606 8013.97629571563 8803.71099978687 9560.84493905559
21.1764293845381 47.386735968521 80.026251995177 141.41203817206 253.751213690937 437.961901514882 708.581358968071 1068.72264795442 1491.64417839291 1953.78179349565 2476.66611822985 3206.42496910563 4008.54776908064 4843.65918312656 5715.00329431018 6500.6656934077 7276.71795257615 8053.49591898595 8841.2120827318 9601.98136838687
21.7599973264377 48.2636596537906 81.103585813662 143.282430911725 257.081700777758 443.090435595692 718.195442205584 1081.76650987303 1510.09145291525 1976.29623776763 2499.39932220659 3229.93104592394 4033.67110202686 4873.272980993 5745.57450225497 6537.11071159514 7314.27863355529 8093.40403608989 8885.58956485061 9646.39501773764
22.3778819320694 49.1443344904195 82.2438406139655 145.148528915902 260.868714460836 450.650665909217 726.160934921702 1096.5024445382 1528.6951170175 1995.48390481069 2523.87215889134 3259.92977545635 4061.16583998591 4902.79375350052 5779.90409970077 6569.28764181001 7345.68661804445 8126.32712219349 8923.15833960578 9686.19415595182
23.0577661937 50.0669804646545 83.3706752766391 146.941960216973 264.835472912888 456.906043278521 736.495556200591 1110.94286409503 1544.95626325745 2016.44252695848 2544.48369685505 3285.00946549992 4086.02794703279 4930.22849120485 5801.29151625231 6596.11676802583 7377.59797810098 8166.89692783984 8959.02130648588 9721.54574326895
23.6826558323189 51.1898842011517 84.934585826865 148.830149161481 268.717510625501 462.606561651468 747.370338717611 1124.25146892852 1562.42392515049 2036.87119194273 2565.36032904219 3306.22582180048 4109.89462755626 4957.27939900893 5829.11439590287 6624.70102170839 7409.49103065972 8193.69797280223 8989.57863634759 9760.23552018296
24.2540457067671 52.2465954485814 86.344655514973 150.845722608919 272.150536096818 469.828387490126 756.120202608575 1135.92126866464 1577.56201153459 2060.72977313282 2586.99307499977 3329.27408457976 4133.92768545289 4979.78834868284 5852.88978670575 6648.84696153956 7431.23762408041 8220.1140667978 9020.43308154843 9797.71652827617
24.9473135375873 53.6405525291551 87.8204228382356 152.612075099203 276.422884368844 476.587250985879 766.286198111505 1149.71659817565 1592.83099783182 2078.29642655321 2606.32634577977 3350.67270874425 4158.15605250123 5007.07388237963 5877.59758804153 6675.85427681936 7459.17881369376 8252.1308549629 9053.70203257915 9828.4693233939
25.6955571588127 54.8645770679633 89.4250095685896 154.664648223339 279.956452196113 483.045365691393 776.834725566682 1163.64490920024 1611.28805527042 2098.51942991938 2626.55028267819 3373.22169623413 4183.06355191993 5031.60044174614 5904.51616146629 6704.23687345922 7488.4690867971 8281.81214781906 9084.87406205399 9862.05287381141
26.4986891807432 55.9398584932945 90.9900048431141 157.023742815372 283.974075773096 489.28385405841 786.620930462576 1177.58533288707 1627.12696804185 2115.99730658066 2642.22952181669 3393.63257238177 4201.63925321967 5051.8302080191 5925.88815897121 6729.38337144214 7519.4028880612 8312.93274522741 9116.2322949733 9899.55113652599
27.1561909941486 57.4308363435318 92.5147629364718 159.370762434175 288.428460791283 496.136958071099 798.263912948337 1189.87420049128 1643.26907258027 2136.40953692818 2664.80812070028 3415.40514235238 4221.80221380434 5074.15012323739 5953.05797683635 6756.13083220322 7545.36362742937 8342.81097963731 9149.82785496443 9936.47966213713
27.9153549878533 58.8520163206642 94.3033735706417 161.934139688402 292.513278142386 503.811984966416 807.230379219032 1204.40975547006 1659.19422169373 2153.31862229019 2684.08865568355 3437.04254096607 4245.4170423044 5099.25004960209 5974.50636370607 6778.47216707976 7573.16754178606 8377.65167413936 9187.37084099452 9972.99516479846
28.7433451707187 60.2395673451115 95.9300245514855 164.801061260583 298.218392195718 511.934757852114 816.783871814657 1217.22948102262 1675.60769543358 2171.87695375138 2702.68506601048 3457.87511871083 4266.15954338018 5119.6368825878 5997.75256222044 6805.87945903807 7603.90762755369 8407.30419326801 9222.34925199263 10013.9263983254
29.796630771544 61.7761740248633 97.7206498970622 167.480954290408 304.221708210568 519.073178815625 828.159516071212 1231.0658504204 1691.96323929812 2192.23581329915 2721.10383877315 3475.33473158422 4285.85061165736 5144.74615512804 6022.52356378339 6839.0991829754 7639.65340558396 8447.3434652641 9258.73988229597 10054.0486611942
30.7905835495445 63.5007135044586 100.023324617917 170.72581312984 309.313913373867 528.443665320574 839.975738552004 1246.06876025339 1711.08898284548 2215.49383033244 2742.26247361931 3499.00817043676 4312.12172531527 5173.91009476555 6055.94613160588 6874.60633385033 7680.5547014689 8494.01463839531 9311.68511358616 10107.887161773
31.8129514104032 65.4072240929861 102.436070511703 174.340005680559 315.402361394534 537.102180672384 850.913333714594 1260.66235767407 1727.61325331034 2234.41929515757 2764.092320026 3526.17808443112 4343.74122355978 5206.92436250986 6094.98549235202 6914.74262061374 7724.65532624703 8541.93608311093 9372.38090238416 10171.4915333075
33.2729259370072 67.2643875399175 104.779115483149 178.346238542985 322.010797175037 545.576360181906 862.545115523187 1274.36009758281 1745.26579110649 2259.42092758247 2786.97656894364 3548.23265850285 4372.55605618287 5242.41988358821 6129.57603780693 6956.14650542204 7770.68162566388 8592.94909703573 9421.94587273852 10233.2919868497
34.6898388407277 68.9385789712046 107.351024842677 182.4022169802 328.731441607359 555.867359883349 875.189273813946 1289.78514596883 1763.29990740774 2281.69052548313 2812.85490806933 3577.76743085174 4401.05679072976 5277.64154980929 6172.49981280097 7003.15960247935 7820.9416127205 8651.02682135231 9487.40743998868 10301.4905812603
36.5579012429065 72.2442394336633 111.065715641071 187.378404917938 336.976713693612 566.864477205699 889.393245796151 1307.21583382024 1784.7689742272 2307.77044010681 2842.70964805503 3610.27481375277 4436.36053794866 5312.18500856803 6209.88983237083 7049.72762519622 7881.57901926036 8716.16768251667 9561.11246682069 10384.2787522471
38.293914235392 75.3179124598101 114.665570400525 193.887585743887 345.950743624976 579.97745130117 905.288432613229 1329.18429370603 1812.04219382213 2341.67214773675 2881.05205938752 3656.76293744721 4491.65134422985 5366.60017215201 6264.2912932919 7112.24795614493 7947.08073498143 8792.59721827747 9643.03306604955 10484.0186501552
40.726297197408 78.8505633675147 118.756848543326 202.19663300418 359.621467000802 598.27599078335 928.763663495319 1359.9615821445 1846.63813627734 2378.0923020669 2918.57367476167 3701.83684969577 4543.43679842573 5431.06547599742 6337.92530077152 7190.34902351113 8035.04598868532 8890.99784545765 9749.26628377753 10600.0117543011
43.7316246983526 83.5497278833659 124.409852059777 211.778839242509 376.100943252463 618.301972678779 958.462535695538 1394.10060725161 1887.62794297383 2431.23996702199 2965.75780197632 3755.9188020618 4604.47736626216 5505.83090755932 6439.82984307667 7300.60490816036 8155.10923007889 9027.47961930092 9913.19866967276 10785.6247150933
49.1006834722475 93.9858615280079 134.913502812978 224.810233894817 399.562314719786 652.758547654318 1000.08923759192 1448.00211844582 1957.38056703746 2519.7283517976 3050.24509153006 3859.64125631051 4717.67523392096 5643.0149133716 6589.69312068635 7484.85807344054 8376.6315412665 9279.15950687956 10195.8681413323 11093.8178896709
71.7047882658126 125.287333784577 186.555585948819 319.844651833665 569.506182214222 941.42217203837 1422.61288452271 2037.74215490558 2731.7671899239 3500.91238385741 4368.71195483351 5417.98381337251 6543.52404242606 7755.34559797329 8956.80610316428 10152.7961633179 11378.2792204021 12648.2707898463 13969.7041856064 15244.3732830046
